        TIME,    TIDE,      OB,   SURGE,    BIAS,     TWL,SURGE90p,  TWL90p,SURGE10p,   TWL10p
202603180600,   0.003,  -0.908,  -0.400,  -0.511,  -0.908,  -0.400,  -0.908,  -0.400,  -0.908
202603180606,  -0.048,  -0.980,9999.000,9999.000,9999.000,9999.000,9999.000,9999.000,9999.000
202603180612,  -0.095,  -1.049,9999.000,9999.000,9999.000,9999.000,9999.000,9999.000,9999.000
202603180618,  -0.137,  -1.170,9999.000,9999.000,9999.000,9999.000,9999.000,9999.000,9999.000
202603180624,  -0.175,  -1.220,9999.000,9999.000,9999.000,9999.000,9999.000,9999.000,9999.000
202603180630,  -0.208,  -1.259,9999.000,9999.000,9999.000,9999.000,9999.000,9999.000,9999.000
202603180636,  -0.237,  -1.259,9999.000,9999.000,9999.000,9999.000,9999.000,9999.000,9999.000
202603180642,  -0.260,  -1.289,9999.000,9999.000,9999.000,9999.000,9999.000,9999.000,9999.000
202603180648,  -0.278,  -1.318,9999.000,9999.000,9999.000,9999.000,9999.000,9999.000,9999.000
202603180654,  -0.290,  -1.328,9999.000,9999.000,9999.000,9999.000,9999.000,9999.000,9999.000
202603180700,  -0.298,  -1.318,  -0.400,  -0.620,  -1.318,  -0.400,  -1.318,  -0.400,  -1.318
202603180706,  -0.299,  -1.269,9999.000,9999.000,9999.000,9999.000,9999.000,9999.000,9999.000
202603180712,  -0.295,  -1.220,9999.000,9999.000,9999.000,9999.000,9999.000,9999.000,9999.000
202603180718,  -0.285,  -1.069,9999.000,9999.000,9999.000,9999.000,9999.000,9999.000,9999.000
202603180724,  -0.270,  -0.980,9999.000,9999.000,9999.000,9999.000,9999.000,9999.000,9999.000
202603180730,  -0.248,  -0.898,9999.000,9999.000,9999.000,9999.000,9999.000,9999.000,9999.000
202603180736,  -0.221,  -0.898,9999.000,9999.000,9999.000,9999.000,9999.000,9999.000,9999.000
202603180742,  -0.187,  -0.810,9999.000,9999.000,9999.000,9999.000,9999.000,9999.000,9999.000
202603180748,  -0.148,  -0.731,9999.000,9999.000,9999.000,9999.000,9999.000,9999.000,9999.000
202603180754,  -0.103,  -0.639,9999.000,9999.000,9999.000,9999.000,9999.000,9999.000,9999.000
202603180800,  -0.051,  -0.551,  -0.400,  -0.100,  -0.551,  -0.400,  -0.551,  -0.400,  -0.551
202603180806,   0.005,  -0.380,9999.000,9999.000,9999.000,9999.000,9999.000,9999.000,9999.000
202603180812,   0.068,  -0.298,9999.000,9999.000,9999.000,9999.000,9999.000,9999.000,9999.000
202603180818,   0.136,  -0.219,9999.000,9999.000,9999.000,9999.000,9999.000,9999.000,9999.000
202603180824,   0.211,  -0.150,9999.000,9999.000,9999.000,9999.000,9999.000,9999.000,9999.000
202603180830,   0.290,  -0.059,9999.000,9999.000,9999.000,9999.000,9999.000,9999.000,9999.000
202603180836,   0.374,  -0.059,9999.000,9999.000,9999.000,9999.000,9999.000,9999.000,9999.000
202603180842,   0.464,   0.059,9999.000,9999.000,9999.000,9999.000,9999.000,9999.000,9999.000
202603180848,   0.558,   0.170,9999.000,9999.000,9999.000,9999.000,9999.000,9999.000,9999.000
202603180854,   0.656,   0.259,9999.000,9999.000,9999.000,9999.000,9999.000,9999.000,9999.000
202603180900,   0.759,   0.350,  -0.400,  -0.009,   0.350,  -0.400,   0.350,  -0.400,   0.350
202603180906,   0.865,   0.439,9999.000,9999.000,9999.000,9999.000,9999.000,9999.000,9999.000
202603180912,   0.974,   0.531,9999.000,9999.000,9999.000,9999.000,9999.000,9999.000,9999.000
202603180918,   1.086,   0.629,9999.000,9999.000,9999.000,9999.000,9999.000,9999.000,9999.000
202603180924,   1.201,   0.819,9999.000,9999.000,9999.000,9999.000,9999.000,9999.000,9999.000
202603180930,   1.318,   0.928,9999.000,9999.000,9999.000,9999.000,9999.000,9999.000,9999.000
202603180936,   1.437,   0.928,9999.000,9999.000,9999.000,9999.000,9999.000,9999.000,9999.000
202603180942,   1.556,   1.049,9999.000,9999.000,9999.000,9999.000,9999.000,9999.000,9999.000
202603180948,   1.677,   1.180,9999.000,9999.000,9999.000,9999.000,9999.000,9999.000,9999.000
202603180954,   1.798,   1.328,9999.000,9999.000,9999.000,9999.000,9999.000,9999.000,9999.000
202603181000,   1.920,   1.469,  -0.400,  -0.051,   1.469,  -0.400,   1.469,  -0.400,   1.469
202603181006,   2.040,   1.600,9999.000,9999.000,9999.000,9999.000,9999.000,9999.000,9999.000
202603181012,   2.160,   1.718,9999.000,9999.000,9999.000,9999.000,9999.000,9999.000,9999.000
202603181018,   2.279,   1.948,9999.000,9999.000,9999.000,9999.000,9999.000,9999.000,9999.000
202603181024,   2.397,   2.049,9999.000,9999.000,9999.000,9999.000,9999.000,9999.000,9999.000
202603181030,   2.513,   2.148,9999.000,9999.000,9999.000,9999.000,9999.000,9999.000,9999.000
202603181036,   2.626,   2.148,9999.000,9999.000,9999.000,9999.000,9999.000,9999.000,9999.000
202603181042,   2.737,   2.230,9999.000,9999.000,9999.000,9999.000,9999.000,9999.000,9999.000
202603181048,   2.845,   2.318,9999.000,9999.000,9999.000,9999.000,9999.000,9999.000,9999.000
202603181054,   2.951,   2.400,9999.000,9999.000,9999.000,9999.000,9999.000,9999.000,9999.000
202603181100,   3.053,   2.469,  -0.400,  -0.184,   2.469,  -0.400,   2.469,  -0.400,   2.469
202603181106,   3.152,   2.548,9999.000,9999.000,9999.000,9999.000,9999.000,9999.000,9999.000
202603181112,   3.247,   2.640,9999.000,9999.000,9999.000,9999.000,9999.000,9999.000,9999.000
202603181118,   3.339,   2.709,9999.000,9999.000,9999.000,9999.000,9999.000,9999.000,9999.000
202603181124,   3.426,   2.860,9999.000,9999.000,9999.000,9999.000,9999.000,9999.000,9999.000
202603181130,   3.510,   2.938,9999.000,9999.000,9999.000,9999.000,9999.000,9999.000,9999.000
202603181136,   3.589,   2.938,9999.000,9999.000,9999.000,9999.000,9999.000,9999.000,9999.000
202603181142,   3.664,   2.997,9999.000,9999.000,9999.000,9999.000,9999.000,9999.000,9999.000
202603181148,   3.735,   3.070,9999.000,9999.000,9999.000,9999.000,9999.000,9999.000,9999.000
202603181154,   3.801,   3.129,9999.000,9999.000,9999.000,9999.000,9999.000,9999.000,9999.000
202603181200,   3.863,   3.188,  -0.500,  -0.175,   3.188,  -0.600,   3.088,  -0.500,   3.188
202603181206,   3.920,   3.240,9999.000,9999.000,9999.000,9999.000,9999.000,9999.000,9999.000
202603181212,   3.972,   3.309,9999.000,9999.000,9999.000,9999.000,9999.000,9999.000,9999.000
202603181218,   4.020,   3.407,9999.000,9999.000,9999.000,9999.000,9999.000,9999.000,9999.000
202603181224,   4.062,   3.417,9999.000,9999.000,9999.000,9999.000,9999.000,9999.000,9999.000
202603181230,   4.100,   3.460,9999.000,9999.000,9999.000,9999.000,9999.000,9999.000,9999.000
202603181236,   4.132,   3.460,9999.000,9999.000,9999.000,9999.000,9999.000,9999.000,9999.000
202603181242,   4.160,   3.470,9999.000,9999.000,9999.000,9999.000,9999.000,9999.000,9999.000
202603181248,   4.182,   3.480,9999.000,9999.000,9999.000,9999.000,9999.000,9999.000,9999.000
202603181254,   4.199,   3.480,9999.000,9999.000,9999.000,9999.000,9999.000,9999.000,9999.000
202603181300,   4.211,   3.519,  -0.500,  -0.192,   3.519,  -0.600,   3.419,  -0.500,   3.519
202603181306,   4.218,   3.499,9999.000,9999.000,9999.000,9999.000,9999.000,9999.000,9999.000
202603181312,   4.219,   3.509,9999.000,9999.000,9999.000,9999.000,9999.000,9999.000,9999.000
202603181318,   4.215,   3.499,9999.000,9999.000,9999.000,9999.000,9999.000,9999.000,9999.000
202603181324,   4.205,   3.460,9999.000,9999.000,9999.000,9999.000,9999.000,9999.000,9999.000
202603181330,   4.190,   3.417,9999.000,9999.000,9999.000,9999.000,9999.000,9999.000,9999.000
202603181336,   4.169,   3.417,9999.000,9999.000,9999.000,9999.000,9999.000,9999.000,9999.000
202603181342,   4.143,   3.368,9999.000,9999.000,9999.000,9999.000,9999.000,9999.000,9999.000
202603181348,   4.111,   3.368,9999.000,9999.000,9999.000,9999.000,9999.000,9999.000,9999.000
202603181354,   4.074,   3.289,9999.000,9999.000,9999.000,9999.000,9999.000,9999.000,9999.000
202603181400,   4.031,   3.240,  -0.500,  -0.291,   3.240,  -0.600,   3.140,  -0.500,   3.240
202603181406,   3.984,   3.197,9999.000,9999.000,9999.000,9999.000,9999.000,9999.000,9999.000
202603181412,   3.931,   3.148,9999.000,9999.000,9999.000,9999.000,9999.000,9999.000,9999.000
202603181418,   3.873,   3.099,9999.000,9999.000,9999.000,9999.000,9999.000,9999.000,9999.000
202603181424,   3.810,   2.997,9999.000,9999.000,9999.000,9999.000,9999.000,9999.000,9999.000
202603181430,   3.742,   2.938,9999.000,9999.000,9999.000,9999.000,9999.000,9999.000,9999.000
202603181436,   3.669,   2.938,9999.000,9999.000,9999.000,9999.000,9999.000,9999.000,9999.000
202603181442,   3.592,   2.879,9999.000,9999.000,9999.000,9999.000,9999.000,9999.000,9999.000
202603181448,   3.510,   2.787,9999.000,9999.000,9999.000,9999.000,9999.000,9999.000,9999.000
202603181454,   3.425,   2.709,9999.000,9999.000,9999.000,9999.000,9999.000,9999.000,9999.000
202603181500,   3.335,   2.620,  -0.500,  -0.215,   2.620,  -0.600,   2.520,  -0.500,   2.620
202603181506,   3.242,   2.578,9999.000,9999.000,9999.000,9999.000,9999.000,9999.000,9999.000
202603181512,   3.146,   2.489,9999.000,9999.000,9999.000,9999.000,9999.000,9999.000,9999.000
202603181518,   3.047,   2.400,9999.000,9999.000,9999.000,9999.000,9999.000,9999.000,9999.000
202603181524,   2.944,   2.250,9999.000,9999.000,9999.000,9999.000,9999.000,9999.000,9999.000
202603181530,   2.839,   2.148,9999.000,9999.000,9999.000,9999.000,9999.000,9999.000,9999.000
202603181536,   2.732,   2.148,9999.000,9999.000,9999.000,9999.000,9999.000,9999.000,9999.000
202603181542,   2.623,   2.059,9999.000,9999.000,9999.000,9999.000,9999.000,9999.000,9999.000
202603181548,   2.512,   1.967,9999.000,9999.000,9999.000,9999.000,9999.000,9999.000,9999.000
202603181554,   2.400,   1.899,9999.000,9999.000,9999.000,9999.000,9999.000,9999.000,9999.000
202603181600,   2.287,   1.820,  -0.500,   0.033,   1.820,  -0.600,   1.720,  -0.500,   1.820
202603181606,   2.173,   1.718,9999.000,9999.000,9999.000,9999.000,9999.000,9999.000,9999.000
202603181612,   2.059,   1.649,9999.000,9999.000,9999.000,9999.000,9999.000,9999.000,9999.000
202603181618,   1.944,   1.571,9999.000,9999.000,9999.000,9999.000,9999.000,9999.000,9999.000
202603181624,   1.829,   1.380,9999.000,9999.000,9999.000,9999.000,9999.000,9999.000,9999.000
202603181630,   1.715,   1.289,9999.000,9999.000,9999.000,9999.000,9999.000,9999.000,9999.000
202603181636,   1.602,   1.289,9999.000,9999.000,9999.000,9999.000,9999.000,9999.000,9999.000
202603181642,   1.489,   1.200,9999.000,9999.000,9999.000,9999.000,9999.000,9999.000,9999.000
202603181648,   1.378,   1.108,9999.000,9999.000,9999.000,9999.000,9999.000,9999.000,9999.000
202603181654,   1.268,   1.029,9999.000,9999.000,9999.000,9999.000,9999.000,9999.000,9999.000
202603181700,   1.160,   0.941,  -0.500,   0.281,   0.941,  -0.600,   0.841,  -0.500,   0.941
202603181706,   1.053,   0.839,9999.000,9999.000,9999.000,9999.000,9999.000,9999.000,9999.000
202603181712,   0.949,   0.741,9999.000,9999.000,9999.000,9999.000,9999.000,9999.000,9999.000
202603181718,   0.847,   0.688,9999.000,9999.000,9999.000,9999.000,9999.000,9999.000,9999.000
202603181724,   0.748,   0.518,9999.000,9999.000,9999.000,9999.000,9999.000,9999.000,9999.000
202603181730,   0.651,   0.449,9999.000,9999.000,9999.000,9999.000,9999.000,9999.000,9999.000
202603181736,   0.558,   0.449,9999.000,9999.000,9999.000,9999.000,9999.000,9999.000,9999.000
202603181742,   0.468,   0.390,9999.000,9999.000,9999.000,9999.000,9999.000,9999.000,9999.000
202603181748,   0.381,   0.321,9999.000,9999.000,9999.000,9999.000,9999.000,9999.000,9999.000
202603181754,   0.297,   0.259,9999.000,9999.000,9999.000,9999.000,9999.000,9999.000,9999.000
202603181800,   0.217,   0.209,  -0.500,   0.492,   0.209,  -0.600,   0.109,  -0.500,   0.209
202603181806,   0.142,   0.150,9999.000,9999.000,9999.000,9999.000,9999.000,9999.000,9999.000
202603181812,   0.070,   0.111,9999.000,9999.000,9999.000,9999.000,9999.000,9999.000,9999.000
202603181818,   0.002,   0.068,9999.000,9999.000,9999.000,9999.000,9999.000,9999.000,9999.000
202603181824,  -0.060,  -0.029,9999.000,9999.000,9999.000,9999.000,9999.000,9999.000,9999.000
202603181830,  -0.118,  -0.078,9999.000,9999.000,9999.000,9999.000,9999.000,9999.000,9999.000
202603181836,  -0.172,  -0.078,9999.000,9999.000,9999.000,9999.000,9999.000,9999.000,9999.000
202603181842,  -0.220,  -0.131,9999.000,9999.000,9999.000,9999.000,9999.000,9999.000,9999.000
202603181848,  -0.264,  -0.190,9999.000,9999.000,9999.000,9999.000,9999.000,9999.000,9999.000
202603181854,  -0.303,  -0.229,9999.000,9999.000,9999.000,9999.000,9999.000,9999.000,9999.000
202603181900,  -0.336,  -0.259,  -0.500,   0.577,  -0.259,  -0.600,  -0.359,  -0.500,  -0.259
202603181906,  -0.363,  -0.308,9999.000,9999.000,9999.000,9999.000,9999.000,9999.000,9999.000
202603181912,  -0.385,  -0.341,9999.000,9999.000,9999.000,9999.000,9999.000,9999.000,9999.000
202603181918,  -0.401,  -0.370,9999.000,9999.000,9999.000,9999.000,9999.000,9999.000,9999.000
202603181924,  -0.411,  -0.298,9999.000,9999.000,9999.000,9999.000,9999.000,9999.000,9999.000
202603181930,  -0.415,  -0.229,9999.000,9999.000,9999.000,9999.000,9999.000,9999.000,9999.000
202603181936,  -0.413,  -0.229,9999.000,9999.000,9999.000,9999.000,9999.000,9999.000,9999.000
202603181942,  -0.405,  -0.131,9999.000,9999.000,9999.000,9999.000,9999.000,9999.000,9999.000
202603181948,  -0.390,  -0.029,9999.000,9999.000,9999.000,9999.000,9999.000,9999.000,9999.000
202603181954,  -0.369,   0.078,9999.000,9999.000,9999.000,9999.000,9999.000,9999.000,9999.000
202603182000,  -0.341,   0.180,  -0.500,   1.021,   0.180,  -0.500,   0.180,  -0.500,   0.180
202603182006,  -0.307,   0.259,9999.000,9999.000,9999.000,9999.000,9999.000,9999.000,9999.000
202603182012,  -0.267,   0.331,9999.000,9999.000,9999.000,9999.000,9999.000,9999.000,9999.000
202603182018,  -0.220,   0.409,9999.000,9999.000,9999.000,9999.000,9999.000,9999.000,9999.000
202603182024,  -0.167,   0.551,9999.000,9999.000,9999.000,9999.000,9999.000,9999.000,9999.000
202603182030,  -0.107,   0.610,9999.000,9999.000,9999.000,9999.000,9999.000,9999.000,9999.000
202603182036,  -0.042,   0.610,9999.000,9999.000,9999.000,9999.000,9999.000,9999.000,9999.000
202603182042,   0.029,   0.678,9999.000,9999.000,9999.000,9999.000,9999.000,9999.000,9999.000
202603182048,   0.106,   0.760,9999.000,9999.000,9999.000,9999.000,9999.000,9999.000,9999.000
202603182054,   0.189,   0.859,9999.000,9999.000,9999.000,9999.000,9999.000,9999.000,9999.000
202603182100,   0.277,   0.941,  -0.500,   1.164,   0.941,  -0.500,   0.941,  -0.400,   1.041
202603182106,   0.370,   1.029,9999.000,9999.000,9999.000,9999.000,9999.000,9999.000,9999.000
202603182112,   0.468,   1.128,9999.000,9999.000,9999.000,9999.000,9999.000,9999.000,9999.000
202603182118,   0.570,   1.308,9999.000,9999.000,9999.000,9999.000,9999.000,9999.000,9999.000
202603182124,   0.677,   1.410,9999.000,9999.000,9999.000,9999.000,9999.000,9999.000,9999.000
202603182130,   0.787,   1.518,9999.000,9999.000,9999.000,9999.000,9999.000,9999.000,9999.000
202603182136,   0.900,   1.518,9999.000,9999.000,9999.000,9999.000,9999.000,9999.000,9999.000
202603182142,   1.015,   1.620,9999.000,9999.000,9999.000,9999.000,9999.000,9999.000,9999.000
202603182148,   1.134,   1.718,9999.000,9999.000,9999.000,9999.000,9999.000,9999.000,9999.000
202603182154,   1.254,   1.820,9999.000,9999.000,9999.000,9999.000,9999.000,9999.000,9999.000
202603182200,   1.375,   1.928,  -0.500,   1.053,   1.928,  -0.500,   1.928,  -0.400,   2.028
202603182206,   1.498,   2.030,9999.000,9999.000,9999.000,9999.000,9999.000,9999.000,9999.000
202603182212,   1.621,   2.138,9999.000,9999.000,9999.000,9999.000,9999.000,9999.000,9999.000
202603182218,   1.744,   2.240,9999.000,9999.000,9999.000,9999.000,9999.000,9999.000,9999.000
202603182224,   1.867,   2.430,9999.000,9999.000,9999.000,9999.000,9999.000,9999.000,9999.000
202603182230,   1.989,   2.538,9999.000,9999.000,9999.000,9999.000,9999.000,9999.000,9999.000
202603182236,   2.110,   2.538,9999.000,9999.000,9999.000,9999.000,9999.000,9999.000,9999.000
202603182242,   2.230,   2.640,9999.000,9999.000,9999.000,9999.000,9999.000,9999.000,9999.000
202603182248,   2.347,   2.748,9999.000,9999.000,9999.000,9999.000,9999.000,9999.000,9999.000
202603182254,   2.463,   2.850,9999.000,9999.000,9999.000,9999.000,9999.000,9999.000,9999.000
202603182300,   2.576,   2.938,  -0.400,   0.762,   2.938,  -0.500,   2.838,  -0.400,   2.938
202603182306,   2.687,   3.040,9999.000,9999.000,9999.000,9999.000,9999.000,9999.000,9999.000
202603182312,   2.794,   3.129,9999.000,9999.000,9999.000,9999.000,9999.000,9999.000,9999.000
202603182318,   2.898,   3.309,9999.000,9999.000,9999.000,9999.000,9999.000,9999.000,9999.000
202603182324,   2.999,   3.388,9999.000,9999.000,9999.000,9999.000,9999.000,9999.000,9999.000
202603182330,   3.096,   3.480,9999.000,9999.000,9999.000,9999.000,9999.000,9999.000,9999.000
202603182336,   3.190,   3.480,9999.000,9999.000,9999.000,9999.000,9999.000,9999.000,9999.000
202603182342,   3.279,   3.548,9999.000,9999.000,9999.000,9999.000,9999.000,9999.000,9999.000
202603182348,   3.364,   3.627,9999.000,9999.000,9999.000,9999.000,9999.000,9999.000,9999.000
202603182354,   3.446,   3.689,9999.000,9999.000,9999.000,9999.000,9999.000,9999.000,9999.000
202603190000,   3.522,   3.768,  -0.300,   0.546,   3.768,  -0.300,   3.768,  -0.300,   3.768
202603190006,   3.595,   3.827,9999.000,9999.000,9999.000,9999.000,9999.000,9999.000,9999.000
202603190012,   3.663,   3.890,9999.000,9999.000,9999.000,9999.000,9999.000,9999.000,9999.000
202603190018,   3.726,   3.949,9999.000,9999.000,9999.000,9999.000,9999.000,9999.000,9999.000
202603190024,   3.785,   4.057,9999.000,9999.000,9999.000,9999.000,9999.000,9999.000,9999.000
202603190030,   3.838,   4.119,9999.000,9999.000,9999.000,9999.000,9999.000,9999.000,9999.000
202603190036,   3.888,   4.119,9999.000,9999.000,9999.000,9999.000,9999.000,9999.000,9999.000
202603190042,   3.932,   4.159,9999.000,9999.000,9999.000,9999.000,9999.000,9999.000,9999.000
202603190048,   3.971,   4.198,9999.000,9999.000,9999.000,9999.000,9999.000,9999.000,9999.000
202603190054,   4.005,   4.237,9999.000,9999.000,9999.000,9999.000,9999.000,9999.000,9999.000
202603190100,   4.034,   4.280,  -0.300,   0.546,   4.280,  -0.300,   4.280,  -0.300,   4.280
202603190106,   4.058,   4.309,9999.000,9999.000,9999.000,9999.000,9999.000,9999.000,9999.000
202603190112,   4.077,   4.339,9999.000,9999.000,9999.000,9999.000,9999.000,9999.000,9999.000
202603190118,   4.090,   4.359,9999.000,9999.000,9999.000,9999.000,9999.000,9999.000,9999.000
202603190124,   4.098,   4.378,9999.000,9999.000,9999.000,9999.000,9999.000,9999.000,9999.000
202603190130,   4.100,   4.378,9999.000,9999.000,9999.000,9999.000,9999.000,9999.000,9999.000
202603190136,   4.098,   4.378,9999.000,9999.000,9999.000,9999.000,9999.000,9999.000,9999.000
202603190142,   4.089,   4.368,9999.000,9999.000,9999.000,9999.000,9999.000,9999.000,9999.000
202603190148,   4.075,   4.349,9999.000,9999.000,9999.000,9999.000,9999.000,9999.000,9999.000
202603190154,   4.056,   4.309,9999.000,9999.000,9999.000,9999.000,9999.000,9999.000,9999.000
202603190200,   4.031,   4.280,  -0.300,   0.549,   4.280,  -0.300,   4.280,  -0.200,   4.380
202603190206,   4.001,   4.218,9999.000,9999.000,9999.000,9999.000,9999.000,9999.000,9999.000
202603190212,   3.965,   4.159,9999.000,9999.000,9999.000,9999.000,9999.000,9999.000,9999.000
202603190218,   3.924,   4.090,9999.000,9999.000,9999.000,9999.000,9999.000,9999.000,9999.000
202603190224,   3.877,   3.939,9999.000,9999.000,9999.000,9999.000,9999.000,9999.000,9999.000
202603190230,   3.826,   3.860,9999.000,9999.000,9999.000,9999.000,9999.000,9999.000,9999.000
202603190236,   3.769,   3.860,9999.000,9999.000,9999.000,9999.000,9999.000,9999.000,9999.000
202603190242,   3.707,   3.778,9999.000,9999.000,9999.000,9999.000,9999.000,9999.000,9999.000
202603190248,   3.640,   3.699,9999.000,9999.000,9999.000,9999.000,9999.000,9999.000,9999.000
202603190254,   3.569,   3.607,9999.000,9999.000,9999.000,9999.000,9999.000,9999.000,9999.000
202603190300,   3.493,   3.509,  -0.300,   0.316,   3.509,  -0.300,   3.509,  -0.200,   3.609
202603190306,   3.413,   3.417,9999.000,9999.000,9999.000,9999.000,9999.000,9999.000,9999.000
202603190312,   3.329,   3.329,9999.000,9999.000,9999.000,9999.000,9999.000,9999.000,9999.000
202603190318,   3.240,   3.230,9999.000,9999.000,9999.000,9999.000,9999.000,9999.000,9999.000
202603190324,   3.149,   3.030,9999.000,9999.000,9999.000,9999.000,9999.000,9999.000,9999.000
202603190330,   3.053,   2.929,9999.000,9999.000,9999.000,9999.000,9999.000,9999.000,9999.000
202603190336,   2.955,   2.929,9999.000,9999.000,9999.000,9999.000,9999.000,9999.000,9999.000
202603190342,   2.854,   2.830,9999.000,9999.000,9999.000,9999.000,9999.000,9999.000,9999.000
202603190348,   2.750,   2.728,9999.000,9999.000,9999.000,9999.000,9999.000,9999.000,9999.000
202603190354,   2.645,   2.620,9999.000,9999.000,9999.000,9999.000,9999.000,9999.000,9999.000
202603190400,   2.537,   2.519,  -0.200,   0.182,   2.519,  -0.300,   2.419,  -0.200,   2.519
202603190406,   2.427,   2.400,9999.000,9999.000,9999.000,9999.000,9999.000,9999.000,9999.000
202603190412,   2.316,   2.299,9999.000,9999.000,9999.000,9999.000,9999.000,9999.000,9999.000
202603190418,   2.204,   2.191,9999.000,9999.000,9999.000,9999.000,9999.000,9999.000,9999.000
202603190424,   2.091,   1.981,9999.000,9999.000,9999.000,9999.000,9999.000,9999.000,9999.000
202603190430,   1.978,   1.869,9999.000,9999.000,9999.000,9999.000,9999.000,9999.000,9999.000
202603190436,   1.864,   1.869,9999.000,9999.000,9999.000,9999.000,9999.000,9999.000,9999.000
202603190442,   1.751,   1.758,9999.000,9999.000,9999.000,9999.000,9999.000,9999.000,9999.000
202603190448,   1.638,   1.659,9999.000,9999.000,9999.000,9999.000,9999.000,9999.000,9999.000
202603190454,   1.525,   1.557,9999.000,9999.000,9999.000,9999.000,9999.000,9999.000,9999.000
202603190500,   1.414,   1.469,  -0.200,   0.255,   1.469,  -0.300,   1.369,  -0.200,   1.469
202603190506,   1.303,   1.371,9999.000,9999.000,9999.000,9999.000,9999.000,9999.000,9999.000
202603190512,   1.194,   1.279,9999.000,9999.000,9999.000,9999.000,9999.000,9999.000,9999.000
202603190518,   1.086,   1.108,9999.000,9999.000,9999.000,9999.000,9999.000,9999.000,9999.000
202603190524,   0.981,   1.029,9999.000,9999.000,9999.000,9999.000,9999.000,9999.000,9999.000
202603190530,   0.877,   0.951,9999.000,9999.000,9999.000,9999.000,9999.000,9999.000,9999.000
202603190536,   0.775,   0.951,9999.000,9999.000,9999.000,9999.000,9999.000,9999.000,9999.000
202603190542,   0.677,   0.869,9999.000,9999.000,9999.000,9999.000,9999.000,9999.000,9999.000
202603190548,   0.580,   0.790,9999.000,9999.000,9999.000,9999.000,9999.000,9999.000,9999.000
202603190554,   0.487,   0.718,9999.000,9999.000,9999.000,9999.000,9999.000,9999.000,9999.000
202603190600,   0.397,   0.639,   0.000,   0.242,   0.639,   0.000,   0.639,   0.100,   0.739
202603190606,   0.310,   0.560,9999.000,9999.000,9999.000,9999.000,9999.000,9999.000,9999.000
202603190612,   0.226,   0.488,9999.000,9999.000,9999.000,9999.000,9999.000,9999.000,9999.000
202603190618,   0.147,   0.350,9999.000,9999.000,9999.000,9999.000,9999.000,9999.000,9999.000
202603190624,   0.071,   0.288,9999.000,9999.000,9999.000,9999.000,9999.000,9999.000,9999.000
202603190630,   0.000,   0.219,9999.000,9999.000,9999.000,9999.000,9999.000,9999.000,9999.000
202603190636,  -0.068,   0.219,9999.000,9999.000,9999.000,9999.000,9999.000,9999.000,9999.000
202603190642,  -0.132,   0.160,9999.000,9999.000,9999.000,9999.000,9999.000,9999.000,9999.000
202603190648,  -0.190,   0.111,9999.000,9999.000,9999.000,9999.000,9999.000,9999.000,9999.000
